125,56
6
00000000000000000000000000000000000000000000000000000000000000000000000000000000000000000000000000000000000000000000000000000
00000000000000000000000000000000000000000000000000000000000000000000000000000000000000000000000000000000000000000000000000000
0000000000000000000000000000000000000000000000000000000000000000000000021X000000000000000000000000000000000000000000000000000
00000000000000000000000000000000000000000000000000000000000000000000023000000000000000000000000000000000000000000000000000000
00000000000000000000000000000000000000000000000000000000000000000000100000000000000000000000000000000000000000000000000000000
00000000000000000000000000000000000000000000000000000000000000000001000000000000000000000000000000000000000000000000000000000
00000000000000000000000000000000000000000000000000000000000000000020000000000000000000000000000000000000000000000000000000000
00000000000000000000000000000000000000000000000000000000000000000010000000000000000000000000000000000000000000000000000000000
00000000000000000000000000000000000000000000000000000000000000000010000000000000000000000000000000000000000000000000000000000
00000000000000000000000000000000000000000000000000000000000000000010000000000000000000000000000000000000000000000000000000000
00000000000000000000000000000000000000000000000000000000000000000010000000000000000000000000000000000000000000000000000000000
00000000000000000000000000000000000000000000000000000000000000000030000000000000000000000000000000000000000000000000000000000
00000000000000000000000000000000000000000000000000000000000000000100000000000000000000000000000000000000000000000000000000000
00000000000000000000000000000000000000000000000000000000000000002000000000000000000000000000000000000000000000000000000000000
00000000000000000000000000000000000000000000000000000000000000003000000000000000000000000000000000000000000000000000000000000
00000000000000000000000000000000000000000000000000000000000000020000000000000000000000000000000000000000000000000000000000000
00000000000000000000000000000000000000000000000000000000000000010000000000000000000000000000000000000000000000000000000000000
00000000000000000000000000000000000000000000000000000000000000020000000000000000000000000000000000000000000000000000000000000
00000000000000000000000000000000000000000000000000000000000000001000000000000000000000000000000000000000000000000000000000000
00000000000000000000000000000000000000000000000000000000000000000230000000000000311111113000000000000000000000000000000000000
00000000000000000000000000000000000000000000000000000000000000000002113000000001000000000100000000000000000000000000000000000
00000000000000000000000000000000000000000000000000000000220000000000000300000010000000000010000000000000000000000000000000000
00000000000000000000000000000000000000000000000000000002001000000000000200000100000000000003000000000000000000000000000000000
00000000000000000000000000000000000000000000000000000001000100000000000010001000000000000001000000000000000000000000000000000
00000000000000000000000000000000000000000000000000000002000010000000000002120000000000000001000000000000000000000000000000000
00000000000000000000000000000000000000000000000000000000100001000000000000000000000000000003000000000000000000000000000000000
00000000000000000000000000000000000000000000000000000000010000100000000000000000000000002130000000000000000000000000000000000
00000000000000000000000000000000000000000000000000000000001000010000000000000000000000010000000000000000000000000000000000000
00000000000000000000000000000000000000000000000000000000000100003111200000000000000000100000000000000000000000000000000000000
00000000000000000000000000000000000000000000000000000000000010000000010000000000000002000000000000000000000000000000000000000
00000000000000000000000000000000000000000000000000004200000003000000001000000000000001000000000000000000000000000000000000000
00000000000000000000000000000000000000000000000000000010000003000000000100000000000001000000000000000000000000000000000000000
00000000000000000000000000000000000000000000000000000001000010000000000020000000000002000000000000000000000000000000000000000
00000000000000000000000000000000000000000000000000000000311300000000000010000000000000100000000000000000000000000000000000000
00000000000000000000000000000000000000000000000000000000000000000000000020000000000000010000000000000000000000000000000000000
00000000000000000000000000000000000000000000000000000000000000000000000300000000000000003000000000000000000000000000000000000
00000000000000000000000000000000000000000000000000000000000000000000000100000000000000003000000000000000000000000000000000000
00000000000000000000000000000000000000000000000000000000000000000000000100000000000000010000000000000000000000000000000000000
00000000000000000000000000000000000000000000000000000000000000000000000200000000000000100000000000000000000000000000000000000
00000000000000000000000000000000000000000000000000000000000000000000003000000000002113000000000000000000000000000000000000000
00000000000000000000000000000000000000000000000000000000000000000000001000000000010000000000000000000000000000000000000000000
00000000000000000000000000000000000000000000000000000000000000000000003000000002300000000000000000000000000000000000000000000
00000000000000000000000000000000000000000000000000000000000000000000000100000010000000000000000000000000000000000000000000000
00000000000000000000000000000000000000000000000000000000000000000000000031111300000000000000000000000000000000000000000000000
00000000000000000000000000000000000000000000000000000000000000000000000000000000000000000000000000000000000000000000000000000
00000000000000000000000000000000000000000000000000000000000000000000000000000000000000000000000000000000000000000000000000000
00000000000000000000000000000000000000000000000000000000000000000000000000000000000000000000000000000000000000000000000000000
00000000000000000000000000000000000000000000000000000000000000000000000000000000000000000000000000000000000000000000000000000
00000000000000000000000000000000000000000000000000000000000000000000000000000000000000000000000000000000000000000000000000000
00000000000000000000000000000000000000000000000000000000000000000000000000000000000000000000000000000000000000000000000000000
00000000000000000000000000000000000000000000000000000000000000000000000000000000000000000000000000000000000000000000000000000
00000000000000000000000000000000000000000000000000000000000000000000000000000000000000000000000000000000000000000000000000000
00000000000000000000000000000000000000000000000000000000000000000000000000000000000000000000000000000000000000000000000000000
00000000000000000000000000000000000000000000000000000000000000000000000000000000000000000000000000000000000000000000000000000
00000000000000000000000000000000000000000000000000000000000000000000000000000000000000000000000000000000000000000000000000000
00000000000000000000000000000000000000000000000000000000000000000000000000000000000000000000000000000000000000000000000000000