125,125
2
00000000000000000000000000000000000000000000000000000000000000000000000000000000000000000000000000000000000000000000000000000
00000000000000000000000000000000000000000000000000000000000000000000000000000000000000000000000000000000000000000000000000000
00000000000000000000000000000000000000000000000000000000000000000000000000000000000000000000000000000000000000000000000000000
00000000000000000000000000000000000000000000000000000000000000000000000000000000000000000000000000000000000000000000000000000
00000000000000000000000000000000000000000000000000000000000000000000000000000000000000000000000000000000000000000000000000000
00000000000000000000000000000000000000000000000000000000000000000000000000000000000000000000000000000000000000000000000000000
00000000000000000000000000000000000000000000000000000000000000000000000000000000000000000000000000000000000000000000000000000
00000000000000000000000000000000000000000000000000000000000000000000000000000000000000000000000000000000000000000000000000000
00000000000000000000000000000000000000000000000000000000000000000000000000000000000000000000000000000000000000000000000000000
00000000000000000000000000000000000000000000000000000000000000000000000000000000000000000000000000000000000000000000000000000
00000000000000000000000000000000000000000000000000000000000000000000000000000000000000000000000000000000000000000000000000000
00000000000000000000000000000000000000000000000000000000000000000000000000000000000000000000000000000000000000000000000000000
00000000000000000000000000000000000000000000000000000000000000000000000000000000000000000000000000000000000000000000000000000
00000000000000000000000000000000000000000000000000000000000000000000000000000000000000000000000000000000000000000000000000000
00000000000000000000000000000000000000000000000000000000000000000000000000000000000000000000000000000000000000000000000000000
00000000000000000000000000000000000000000000000000000000000000000000000000000000000000000000000000000000000000000000000000000
00000000000000000000000000000000000000000000000000000000000000000000000000000000000000000000000000000000000000000000000000000
00000000000000000000000000000000000000000000000000000000000000000000000000000000000000000000000000000000000000000000000000000
00000000000000000000000000000000000000000000000000000000000000000000000000000000000000000000000000000000000000000000000000000
00000000000000000000000000000000000000000000000000000000000000000000000000000000000000000000000000000000000000000000000000000
00000000000000000000000000000000000000000000000000000000000000000000000000000000000000000000000000000000000000000000000000000
00000000000000000000000000000000000000000000000000000000000000000000000000000000000000000000000000000000000000000000000000000
00000000000000000000000000000000000000000000000000000000000000000000000000000000000000000000000000000000000000000000000000000
00000000000000000000000000000000000000000000000000000000000000000000000000000000000000000000000000000000000000000000000000000
00000000000000000000000000000000000000000000000000000000000000000000000000000000000000000000000000000000000000000000000000000
00000000000000000000000000000000000000000000000000000000000000000000000000000000000000000000000000000000000000000000000000000
00000000000000000000000000000000000000000000000000000000000000000000000000000000000000000000000000000000000000000000000000000
00000000000000000000000000000000000000000000000000000000000000000000000000000000000000000000000000000000000000000000000000000
00000000000000000000000000000000000000000000000000000000000000000000000000000000000000000000000000000000000000000000000000000
00000000000000000000000000000000000000000000000000000000000000000000000000000000000000000000000000000000000000000000000000000
00000000000000000000000000000000000000000000000000000000000000000000000000000000000000000000000000000000000000000000000000000
00000000000000000000000000000000000000000000000000000000000000000000000000000000000000000000000000000000000000000000000000000
00000000000000000000000000000000000000000000000000000000000000000000000000000000000000000000000000000000000000000000000000000
00000000000000000000000000000000000000000000000000000000000000000000000000000000000000000000000000000000000000000000000000000
00000000000000000000000000000000000000000000000000000000000000000000000000000000000000000000000000000000000000000000000000000
00000000000000000000000000000000000000000000000000000000000000000000000000000000000000000000000000000000000000000000000000000
00000000000000000000000000000000000000000000000000000000000000000000000000000000000000000000000000000000000000000000000000000
00000000000000000000000000000000000000000000000000000000000000000000000000000000000000000000000000000000000000000000000000000
00000000000000000000000000000000000000000000000000000000000000000000000000000000000000000000000000000000000000000000000000000
00000000000000000000000000000000000000000000000000000000000000000000000000000000000000000000000000000000000000000000000000000
00000000000000000000000000000000000000000000000000000000000000000000000000000000000000000000000000000000000000000000000000000
00000000000000000000000000000000000000000000000000000000000000000000000000000000000000000000000000000000000000000000000000000
00000000000000000000000000000000000000000000000000000000000000000000000000000000000000000000000000000000000000000000000000000
00000000000000000000000000000000000000000000000000000000000000000000000000000000000000000000000000000000000000000000000000000
00000000000000000000000000000000000000000000000000000000000000000000000000000000000000000000000000000000000000000000000000000
00000000000000000000000000000000000000000000000000000000000000000000000000000000000000000000000000000000000000000000000000000
00000000000000000000000000000000000000000000000000000000000000000000000000000000000000000000000000000000000000000000000000000
00000000000000000000000000000000000000000000000000000000000000000000000000000000000000000000000000000000000000000000000000000
00000000000000000000000000000000000000000000000000000000000000000000000000000000000000000000000000000000000000000000000000000
00000000000000000000000000000000000000000000000000000000000000000000000000000000000000000000000000000000000000000000000000000
00000000000000000000000000000000000000000000000000000000000000000000000000000000000000000000000000000000000000000000000000000
00000000000000000000000000000000000000000000000000000000000000000000000000000000000000000000000000000000000000000000000000000
00000000000000000000000000000000000000000000000000000000000000000000000000000000000000000000000000000000000000000000000000000
00000000000000000000000000000000000000000000000000000000000000000000000000000000000000000000000000000000000000000000000000000
00000000000000000000000000000000000000000000000000000000000000000000000000000000000000000000000000000000000000000000000000000
00000000000000000000000000000000000000000000000000000000000000000000000000000000000000000000000000000000000000000000000000000
00000000000000000000000000000000000000000000000000000000000000000000000000000000000000000000000000000000000000000000000000000
00000000000000000000000000000000000000000000000000000000000000000000000000000000000000000000000000000000000000000000000000000
00000000000000000000000000000000000000000000000000000000000000000000000000000000000000000000000000000000000000000000000000000
00000000000000000000000000000000000000000000000000000000000000000000000000000000000000000000000000000000000000000000000000000
00000000000000000000000000000000000000000000000000000000000000000000000000000000000000000000000000000000000000000000000000000
00000000000000000000000000000000000000000000000000000000000000000000000000000000000000000000000000000000000000000000000000000
00000000000000000000000000000000000000000000000000000000000000000000000000000000000000000000000000000000000000000000000000000
00000000000000000000000000000000000000000000000000000000000000000000000000000000000000000000000000000000000000000000000000000
00000000000000000000000000000000000000000000000000000000000000000000000000000000000000000000000000000000000000000000000000000
00000000000000000000000000000000000000000000000000000000000000000000000000000000000000000000000000000000000000000000000000000
00000000000000000000000000000000000000000000000000000000000000000000000000000000000000000000000000000000000000000000000000000
00000000000000000000000000000000000000000000000000000000000000000000000000000000000000000000000000000000000000000000000000000
00000000000000000000000000000000000003300000000000000000000000000000000000000000000000000000000000000000000000000000000000000
00000000000000000000000000000000000010010000000000000000000000000000000000000000000000000000000000000000000000000000000000000
00000000000000000000000000000000000100001000000000000000000000000000000000000000000000000000000000000000000000000000000000000
00000000000000000000000000000000001000000100000000000000000000000000000000000000000000000000000000000000000000000000000000000
00000000000000000000000000000000010000000030000000000000000000000000000000000000000000000000000000000000000000000000000000000
00000000000000000000000000000000100000000030000000000000000000000000000000000000000000000000000000000000000000000000000000000
00000000000000000000000000000001000000021300000000000000000000000000000000000000000000000000000000000000000000000000000000000
00000000000000000000000000311120000000200000000000000000000000000000000000000000000000000000000000000000000000000000000000000
00000000000000000000000032000000000000100000000000000000000000000000000000000000000000000000000000000000000000000000000000000
00000000000000000000000100000000000000200000000000000000000000000000000000000000000000000000000000000000000000000000000000000
00000000000000000000001000000000000000010000000000000000000000000000000000000000000000000000000000000000000000000000000000000
00000000000000000000010000000000000000001000000000000000000000000000000000000000000000000000000000000000000000000000000000000
00000000000000000000300000000000000000000100000000000000000000000000000000000000000000000000000000000000000000000000000000000
00000000000000000000100000000000000000000010000000000000000000000000000000000000000000000000000000000000000000000000000000000
00000000000000000000100000000000000000000001000000000000000000000000000000000000000000000000000000000000000000000000000000000
00000000000000000000100000000000000000000000100000000000000000000000000000000000000000000000000000000000000000000000000000000
00000000000000000000100000000000000000000000010000000000000000000000000000000000000000000000000000000000000000000000000000000
00000000000000000000100000000000000000000000001000000000000000000000000000000000000000000000000000000000000000000000000000000
00000000000000000000300000000000000000000000000100000000000000000000000000000000000000000000000000000000000000000000000000000
00000000000000000000010000000000000000000000000010000000000000000000000000000000000000000000000000000000000000000000000000000
00000000000000000000002000000000000000000000000001000000000000000000000000000000000000000000000000000000000000000000000000000
00000000000000000000001000000000000000000000000000100000000000000000000000000000000000000000000000000000000000000000000000000
00000000000000000000002000000000000002200000000000010000000000000000000000000000000000000040000000000000000000000000000000000
00000000000000000000030000000000000020020000000000001000000000000000000000000000000000000300000000000000000000000000000000000
00000000000000000000010000000000000010010000000000000100000000000000000000000000000000000100000000000000000000000000000000000
00000000000000000000010000000000000030030000000000000010000000000000000000000000000000000100000000000000000000000000000000000
00000000000000000000030000000000000100001000000000000001000000000000000000000000000000000100000000000000000000000000000000000
00000000000000000000003120000000001000000100000000000000100000000000000000000000000000000200000000000000000000000000000000000
00000000000000000000000001000000010000000010000000000000010000000000000000000000000000001000000000000000000000000000000000000
00000000000000000000000000100000100000000001000000000000001000000000000000000000000000010000000000000000000000000000000000000
0000000000000000000000000001000100000000X300200000000000000100000000000000000000000000100000000000000000000000000000000000000
00000000000000000000000000003130000000000022000000000000000010000000000000000313000001000000000000000000000000000000000000000
00000000000000000000000000000000000000000000000000000000000003000000000000032000100010000000000000000000000000000000000000000
00000000000000000000000000000000000000000000000000000000000001000000000000100000021200000000000000000000000000000000000000000
00000000000000000000000000000000000000000000000000000000000001000000000001000000000000000000000000000000000000000000000000000
00000000000000000000000000000000000000000000000000000000000003000000000010000000000000000000000000000000000000000000000000000
00000000000000000000000000000000000000000000000000000000000010000000000100000000000000000000000000000000000000000000000000000
00000000000000000000000000000000000000000000000000000000000100000000003000000000000000000000000000000000000000000000000000000
00000000000000000000000000000000000000000000000000000000001000000000001000000000000000000000000000000000000000000000000000000
00000000000000000000000000000000000000000000000000000000020000000000001000000000000000000000000000000000000000000000000000000
00000000000000000000000000000000000000000000000000000000010000000000002000000000000000000000000000000000000000000000000000000
00000000000000000000000000000000000000000000000000000000020000000000010000000000000000000000000000000000000000000000000000000
00000000000000000000000000000000000000000000000000000000001000000000300000000000000000000000000000000000000000000000000000000
00000000000000000000000000000000000000000000000000000000000100000000200000000000000000000000000000000000000000000000000000000
00000000000000000000000000000000000000000000000000000000000010000001000000000000000000000000000000000000000000000000000000000
00000000000000000000000000000000000000000000000000000000000001000010000000000000000000000000000000000000000000000000000000000
00000000000000000000000000000000000000000000000000000000000000100100000000000000000000000000000000000000000000000000000000000
00000000000000000000000000000000000000000000000000000000000000022000000000000000000000000000000000000000000000000000000000000
00000000000000000000000000000000000000000000000000000000000000000000000000000000000000000000000000000000000000000000000000000
00000000000000000000000000000000000000000000000000000000000000000000000000000000000000000000000000000000000000000000000000000
00000000000000000000000000000000000000000000000000000000000000000000000000000000000000000000000000000000000000000000000000000
00000000000000000000000000000000000000000000000000000000000000000000000000000000000000000000000000000000000000000000000000000
00000000000000000000000000000000000000000000000000000000000000000000000000000000000000000000000000000000000000000000000000000
00000000000000000000000000000000000000000000000000000000000000000000000000000000000000000000000000000000000000000000000000000
00000000000000000000000000000000000000000000000000000000000000000000000000000000000000000000000000000000000000000000000000000
00000000000000000000000000000000000000000000000000000000000000000000000000000000000000000000000000000000000000000000000000000
00000000000000000000000000000000000000000000000000000000000000000000000000000000000000000000000000000000000000000000000000000