133,38
4
0000000000000000000000000000000000000000000000000000000000000000000000000000000000000000000000000000000000000000000000000000000000000
0000000000000000000000000311130000000000000000000000000000000000000000000000000000000000000000000000000000000000000000000000000000000
0000000000000000000000001000001000000000000000000000000000000000022000000000000000000000000000000000000000000000000000000000000000000
0000000000000000000000010000000100000000000000000000000000000000100200000000000000000000000000000000000000000000000000000000000000000
0000000000000000000000100000000010000000000000000000000000000001000100000000000000000000000000000000000000000000000000000000000000000
0000000000000000000003000000000001000000000000000000000000000020000300000000000000000000000000000000000000000000000000000000000000000
0000000000000000000001000000000X00100000000000000000000000000030000020000000000000000000000000000000000000000000000000000000000000000
0000000000000000000003000000000200010000000000000000000000000100000010000000000000000000000000000000000000000000000000000000000000000
0000000000000000000000100000000030003000000000000000000000001000000010000000000000000000000000000000000000000000000000000000000000000
0000000000000000000000010000000030001000000000000000000000010000000010000000000000000000000000000000000000000000000000000000000000000
0000000000000000000000002000000100001000000000000000000000100000000010000000000000000000000000000000000000000000000000000000000000000
0000000000000000000000003000023000001000000000000000000001000000000010000000000000000000000000000000000000000000000000000000000000000
0000000000000000000000000100100000001000000000000000000010000000000010000000000000000000000000000000000000000000000000000000000000000
0000000000000000000000000033000000001000000000000000000100000000000020000000000000000000000000000000000000000000000000000000000000000
0000000000000000000000000000000000001000000000000000001000000000000100000000000000000000000000000000000000000000000000000000000000000
0000000000000000000000000000000000001000000000000000010000000000001000000000000000000000000000000000000000000000000000000000000000000
0000000000000000000000000000000000001000000000000000100000000000010000000000000000000000000000000000000000000000000000000000000000000
0000000000000000000000000000000000002000000000000002000000000000100000000000000000000000000000000000000000000000000000000000000000000
0000000000000000000000000000000000000100000000000001000000000001000000000000000000000000000000000000000000000000000000000000000000000
0000000000000000000000000000000000000010000000000003000000000010000000000000000000000000000000000000000000000000000000000000000000000
0000000000000000000000000000000000000002300000000020000033000100000000000000000000000000000000000000000000000000000000000000000000000
0000000000000000000000000000000000000000010000000030000100401000000000000000000000000000000000000000000000000000000000000000000000000
0000000000000000000000000000000000000000001000000200001000010000000000000000000000000000000000000000000000000000000000000000000000000
0000000000000000000000000000000000000000000300000300010000100000000000000000000000000000000000000000000000000000000000000000000000000
0000000000000000000000000000000000000000000100002000100001000000000000000000000000000000000000000000000000000000000000000000000000000
0000000000000000000000000000000000000000000300002001000010000000000000000000000000000000000000000000000000000000000000000000000000000
0000000000000000000000000000000000000000002000000220000100000000000000000000000000000000000000000000000000000000000000000000000000000
0000000000000000000000000000000000000000002000000003112000000000000000000000000000000000000000000000000000000000000000000000000000000
0000000000000000000000000000000000000000000300000010000000000000000000000000000000000000000000000000000000000000000000000000000000000
0000000000000000000000000000000000000000000100000300000000000000000000000000000000000000000000000000000000000000000000000000000000000
0000000000000000000000000000000000000000000100000200000000000000000000000000000000000000000000000000000000000000000000000000000000000
0000000000000000000000000000000000000000000200001000000000000000000000000000000000000000000000000000000000000000000000000000000000000
0000000000000000000000000000000000000000000021120000000000000000000000000000000000000000000000000000000000000000000000000000000000000
0000000000000000000000000000000000000000000000000000000000000000000000000000000000000000000000000000000000000000000000000000000000000
0000000000000000000000000000000000000000000000000000000000000000000000000000000000000000000000000000000000000000000000000000000000000
0000000000000000000000000000000000000000000000000000000000000000000000000000000000000000000000000000000000000000000000000000000000000
0000000000000000000000000000000000000000000000000000000000000000000000000000000000000000000000000000000000000000000000000000000000000
0000000000000000000000000000000000000000000000000000000000000000000000000000000000000000000000000000000000000000000000000000000000000